{
  "meta": {
    "version": 1,
    "modelName": "STGCN",
    "generatedBy": "demo-web/scripts/generate_first_version_data.py",
    "flowSeriesSource": "代码依据/流量预测/grid_mmsi_count（流量数据）.csv",
    "graphSource": "代码依据/流量预测/相关性矩阵0.csv",
    "weightSource": "代码依据/流量预测/save/model_0.pt",
    "weightSha256": "49a6cb465b8ba2106af8856a2cfa8765a41e0447e8d1c785e419bfd1f3ad16ec",
    "flowResolutionMinutes": 60,
    "playbackResolutionMinutes": 5,
    "windowStart": "2020-01-01T00:00:00",
    "windowEnd": "2020-01-03T00:00:00",
    "warmStartMode": "left-pad-earliest-hour-to-24-history"
  },
  "architecture": {
    "n_his": 24,
    "n_pred": 1,
    "n_route": 60,
    "Ks": 3,
    "Kt": 3,
    "blocks": [
      [
        1,
        32,
        64
      ],
      [
        64,
        32,
        128
      ]
    ],
    "dropProb": 0.02
  },
  "split": {
    "trainRatio": 0.6,
    "valRatio": 0.2,
    "testRatio": 0.200046,
    "trainLength": 7891,
    "valLength": 2630,
    "testLength": 2631
  },
  "nodeOrder": [
    "1",
    "2",
    "3",
    "4",
    "5",
    "6",
    "7",
    "8",
    "9",
    "10",
    "11",
    "12",
    "13",
    "14",
    "15",
    "16",
    "17",
    "18",
    "19",
    "20",
    "21",
    "22",
    "23",
    "24",
    "25",
    "26",
    "27",
    "28",
    "29",
    "30",
    "31",
    "32",
    "33",
    "34",
    "35",
    "36",
    "37",
    "38",
    "39",
    "40",
    "41",
    "42",
    "43",
    "44",
    "45",
    "46",
    "47",
    "48",
    "49",
    "50",
    "51",
    "52",
    "53",
    "54",
    "55",
    "56",
    "57",
    "58",
    "59",
    "60"
  ],
  "graph": {
    "adjacency": [
      [
        1.0,
        0.5400000214576721,
        0.38999998569488525,
        0.6000000238418579,
        0.41999998688697815,
        0.2199999988079071,
        0.3400000035762787,
        0.3199999928474426,
        0.3199999928474426,
        0.38999998569488525,
        0.3400000035762787,
        0.33000001311302185,
        0.3100000023841858,
        0.33000001311302185,
        0.4699999988079071,
        0.41999998688697815,
        0.38999998569488525,
        0.0,
        0.36000001430511475,
        0.3499999940395355,
        0.30000001192092896,
        0.0,
        0.20999999344348907,
        0.4000000059604645,
        0.44999998807907104,
        0.4300000071525574,
        0.41999998688697815,
        0.3700000047683716,
        0.2199999988079071,
        0.20999999344348907,
        0.25999999046325684,
        0.0,
        0.3400000035762787,
        0.3400000035762787,
        0.30000001192092896,
        0.28999999165534973,
        0.36000001430511475,
        0.3400000035762787,
        0.23999999463558197,
        0.2199999988079071,
        0.3100000023841858,
        0.33000001311302185,
        0.0,
        0.3499999940395355,
        0.27000001072883606,
        0.3700000047683716,
        0.38999998569488525,
        0.3799999952316284,
        0.3199999928474426,
        0.0,
        0.38999998569488525,
        0.3799999952316284,
        0.33000001311302185,
        0.3100000023841858,
        0.46000000834465027,
        0.3700000047683716,
        0.27000001072883606,
        0.3499999940395355,
        0.4300000071525574,
        0.3499999940395355
      ],
      [
        0.5400000214576721,
        1.0,
        0.41999998688697815,
        0.7699999809265137,
        0.6800000071525574,
        0.25,
        0.3799999952316284,
        0.30000001192092896,
        0.3100000023841858,
        0.6499999761581421,
        0.4000000059604645,
        0.38999998569488525,
        0.3499999940395355,
        0.3499999940395355,
        0.5600000023841858,
        0.5199999809265137,
        0.6200000047683716,
        0.0,
        0.3499999940395355,
        0.3499999940395355,
        0.33000001311302185,
        0.0,
        0.41999998688697815,
        0.5299999713897705,
        0.6200000047683716,
        0.44999998807907104,
        0.4399999976158142,
        0.3799999952316284,
        0.2800000011920929,
        0.3199999928474426,
        0.3100000023841858,
        0.3700000047683716,
        0.46000000834465027,
        0.49000000953674316,
        0.46000000834465027,
        0.3199999928474426,
        0.3499999940395355,
        0.3700000047683716,
        0.25,
        0.25,
        0.3700000047683716,
        0.38999998569488525,
        0.4000000059604645,
        0.47999998927116394,
        0.3199999928474426,
        0.3499999940395355,
        0.3700000047683716,
        0.3700000047683716,
        0.36000001430511475,
        0.3499999940395355,
        0.5400000214576721,
        0.5,
        0.3799999952316284,
        0.30000001192092896,
        0.5299999713897705,
        0.49000000953674316,
        0.4099999964237213,
        0.4000000059604645,
        0.5600000023841858,
        0.47999998927116394
      ],
      [
        0.38999998569488525,
        0.41999998688697815,
        1.0,
        0.47999998927116394,
        0.4399999976158142,
        0.4399999976158142,
        0.8799999952316284,
        0.36000001430511475,
        0.3799999952316284,
        0.4300000071525574,
        0.3799999952316284,
        0.46000000834465027,
        0.49000000953674316,
        0.550000011920929,
        0.5199999809265137,
        0.5199999809265137,
        0.44999998807907104,
        0.25999999046325684,
        0.33000001311302185,
        0.30000001192092896,
        0.3400000035762787,
        0.33000001311302185,
        0.25999999046325684,
        0.5,
        0.5199999809265137,
        0.5,
        0.46000000834465027,
        0.4099999964237213,
        0.2800000011920929,
        0.41999998688697815,
        0.47999998927116394,
        0.0,
        0.3700000047683716,
        0.3400000035762787,
        0.36000001430511475,
        0.4099999964237213,
        0.46000000834465027,
        0.5099999904632568,
        0.36000001430511475,
        0.3199999928474426,
        0.46000000834465027,
        0.5199999809265137,
        0.20000000298023224,
        0.36000001430511475,
        0.49000000953674316,
        0.4699999988079071,
        0.4699999988079071,
        0.4699999988079071,
        0.4699999988079071,
        0.0,
        0.3799999952316284,
        0.3700000047683716,
        0.5099999904632568,
        0.4300000071525574,
        0.5400000214576721,
        0.49000000953674316,
        0.3499999940395355,
        0.5099999904632568,
        0.5099999904632568,
        0.5400000214576721
      ],
      [
        0.6000000238418579,
        0.7699999809265137,
        0.47999998927116394,
        1.0,
        0.75,
        0.3100000023841858,
        0.41999998688697815,
        0.3400000035762787,
        0.3700000047683716,
        0.7099999785423279,
        0.44999998807907104,
        0.44999998807907104,
        0.4099999964237213,
        0.4099999964237213,
        0.6000000238418579,
        0.550000011920929,
        0.6600000262260437,
        0.2199999988079071,
        0.41999998688697815,
        0.4099999964237213,
        0.3700000047683716,
        0.20999999344348907,
        0.4000000059604645,
        0.550000011920929,
        0.6399999856948853,
        0.5,
        0.49000000953674316,
        0.4300000071525574,
        0.2800000011920929,
        0.33000001311302185,
        0.3400000035762787,
        0.3499999940395355,
        0.49000000953674316,
        0.5199999809265137,
        0.44999998807907104,
        0.3499999940395355,
        0.4000000059604645,
        0.41999998688697815,
        0.2800000011920929,
        0.27000001072883606,
        0.38999998569488525,
        0.4099999964237213,
        0.38999998569488525,
        0.5199999809265137,
        0.3700000047683716,
        0.41999998688697815,
        0.41999998688697815,
        0.41999998688697815,
        0.38999998569488525,
        0.3400000035762787,
        0.5699999928474426,
        0.5400000214576721,
        0.4300000071525574,
        0.3400000035762787,
        0.5899999737739563,
        0.5199999809265137,
        0.4300000071525574,
        0.41999998688697815,
        0.5799999833106995,
        0.49000000953674316
      ],
      [
        0.41999998688697815,
        0.6800000071525574,
        0.4399999976158142,
        0.75,
        1.0,
        0.2800000011920929,
        0.4099999964237213,
        0.28999999165534973,
        0.3100000023841858,
        0.8999999761581421,
        0.4399999976158142,
        0.4099999964237213,
        0.38999998569488525,
        0.3700000047683716,
        0.6299999952316284,
        0.6000000238418579,
        0.8199999928474426,
        0.20999999344348907,
        0.33000001311302185,
        0.3100000023841858,
        0.3199999928474426,
        0.23000000417232513,
        0.49000000953674316,
        0.6600000262260437,
        0.7400000095367432,
        0.46000000834465027,
        0.41999998688697815,
        0.3700000047683716,
        0.30000001192092896,
        0.3499999940395355,
        0.3499999940395355,
        0.4099999964237213,
        0.49000000953674316,
        0.5199999809265137,
        0.5199999809265137,
        0.3499999940395355,
        0.36000001430511475,
        0.3799999952316284,
        0.28999999165534973,
        0.28999999165534973,
        0.41999998688697815,
        0.46000000834465027,
        0.3700000047683716,
        0.5,
        0.3799999952316284,
        0.4000000059604645,
        0.4000000059604645,
        0.4000000059604645,
        0.4099999964237213,
        0.3400000035762787,
        0.5299999713897705,
        0.5,
        0.44999998807907104,
        0.30000001192092896,
        0.5400000214576721,
        0.4699999988079071,
        0.3700000047683716,
        0.4699999988079071,
        0.5699999928474426,
        0.5600000023841858
      ],
      [
        0.2199999988079071,
        0.25,
        0.4399999976158142,
        0.3100000023841858,
        0.2800000011920929,
        1.0,
        0.5199999809265137,
        0.2199999988079071,
        0.23000000417232513,
        0.2800000011920929,
        0.3199999928474426,
        0.4399999976158142,
        0.5799999833106995,
        0.6100000143051147,
        0.3199999928474426,
        0.3199999928474426,
        0.30000001192092896,
        0.27000001072883606,
        0.28999999165534973,
        0.27000001072883606,
        0.30000001192092896,
        0.3100000023841858,
        0.23999999463558197,
        0.3100000023841858,
        0.3499999940395355,
        0.3499999940395355,
        0.33000001311302185,
        0.3199999928474426,
        0.2199999988079071,
        0.27000001072883606,
        0.3199999928474426,
        0.0,
        0.2800000011920929,
        0.2800000011920929,
        0.3100000023841858,
        0.2800000011920929,
        0.30000001192092896,
        0.33000001311302185,
        0.27000001072883606,
        0.23999999463558197,
        0.27000001072883606,
        0.3199999928474426,
        0.20999999344348907,
        0.28999999165534973,
        0.3100000023841858,
        0.3199999928474426,
        0.3100000023841858,
        0.3100000023841858,
        0.2800000011920929,
        0.0,
        0.30000001192092896,
        0.30000001192092896,
        0.3100000023841858,
        0.27000001072883606,
        0.36000001430511475,
        0.3400000035762787,
        0.27000001072883606,
        0.2800000011920929,
        0.33000001311302185,
        0.3100000023841858
      ],
      [
        0.3400000035762787,
        0.3799999952316284,
        0.8799999952316284,
        0.41999998688697815,
        0.4099999964237213,
        0.5199999809265137,
        1.0,
        0.33000001311302185,
        0.3400000035762787,
        0.4099999964237213,
        0.36000001430511475,
        0.46000000834465027,
        0.5299999713897705,
        0.6200000047683716,
        0.46000000834465027,
        0.47999998927116394,
        0.4300000071525574,
        0.23999999463558197,
        0.3199999928474426,
        0.2800000011920929,
        0.3400000035762787,
        0.3400000035762787,
        0.28999999165534973,
        0.44999998807907104,
        0.49000000953674316,
        0.46000000834465027,
        0.4300000071525574,
        0.38999998569488525,
        0.2800000011920929,
        0.38999998569488525,
        0.4399999976158142,
        0.20000000298023224,
        0.3700000047683716,
        0.3499999940395355,
        0.36000001430511475,
        0.3700000047683716,
        0.4099999964237213,
        0.46000000834465027,
        0.3400000035762787,
        0.28999999165534973,
        0.4000000059604645,
        0.4699999988079071,
        0.23999999463558197,
        0.3400000035762787,
        0.4399999976158142,
        0.41999998688697815,
        0.41999998688697815,
        0.4300000071525574,
        0.4399999976158142,
        0.20999999344348907,
        0.36000001430511475,
        0.3499999940395355,
        0.4399999976158142,
        0.41999998688697815,
        0.47999998927116394,
        0.4399999976158142,
        0.33000001311302185,
        0.4399999976158142,
        0.44999998807907104,
        0.4699999988079071
      ],
      [
        0.3199999928474426,
        0.30000001192092896,
        0.36000001430511475,
        0.3400000035762787,
        0.28999999165534973,
        0.2199999988079071,
        0.33000001311302185,
        1.0,
        0.7599999904632568,
        0.25999999046325684,
        0.27000001072883606,
        0.23999999463558197,
        0.23000000417232513,
        0.23999999463558197,
        0.36000001430511475,
        0.4699999988079071,
        0.3199999928474426,
        0.23000000417232513,
        0.25999999046325684,
        0.23000000417232513,
        0.20000000298023224,
        0.0,
        0.25,
        0.28999999165534973,
        0.3499999940395355,
        0.33000001311302185,
        0.30000001192092896,
        0.27000001072883606,
        0.2199999988079071,
        0.20999999344348907,
        0.23000000417232513,
        0.0,
        0.25999999046325684,
        0.2800000011920929,
        0.3100000023841858,
        0.25,
        0.2800000011920929,
        0.27000001072883606,
        0.25999999046325684,
        0.3100000023841858,
        0.28999999165534973,
        0.30000001192092896,
        0.20999999344348907,
        0.30000001192092896,
        0.25999999046325684,
        0.3199999928474426,
        0.3400000035762787,
        0.3199999928474426,
        0.3100000023841858,
        0.0,
        0.27000001072883606,
        0.2800000011920929,
        0.23000000417232513,
        0.27000001072883606,
        0.36000001430511475,
        0.2800000011920929,
        0.0,
        0.0,
        0.27000001072883606,
        0.0
      ],
      [
        0.3199999928474426,
        0.3100000023841858,
        0.3799999952316284,
        0.3700000047683716,
        0.3100000023841858,
        0.23000000417232513,
        0.3400000035762787,
        0.7599999904632568,
        1.0,
        0.30000001192092896,
        0.30000001192092896,
        0.25,
        0.23999999463558197,
        0.25,
        0.36000001430511475,
        0.5299999713897705,
        0.3799999952316284,
        0.23999999463558197,
        0.2800000011920929,
        0.23000000417232513,
        0.20999999344348907,
        0.0,
        0.25,
        0.33000001311302185,
        0.4000000059604645,
        0.36000001430511475,
        0.3199999928474426,
        0.2800000011920929,
        0.20999999344348907,
        0.20999999344348907,
        0.25,
        0.0,
        0.25,
        0.28999999165534973,
        0.33000001311302185,
        0.27000001072883606,
        0.30000001192092896,
        0.2800000011920929,
        0.25,
        0.3199999928474426,
        0.30000001192092896,
        0.3199999928474426,
        0.0,
        0.33000001311302185,
        0.28999999165534973,
        0.33000001311302185,
        0.3499999940395355,
        0.33000001311302185,
        0.30000001192092896,
        0.0,
        0.27000001072883606,
        0.28999999165534973,
        0.23999999463558197,
        0.27000001072883606,
        0.36000001430511475,
        0.28999999165534973,
        0.0,
        0.20999999344348907,
        0.2800000011920929,
        0.2199999988079071
      ],
      [
        0.38999998569488525,
        0.6499999761581421,
        0.4300000071525574,
        0.7099999785423279,
        0.8999999761581421,
        0.2800000011920929,
        0.4099999964237213,
        0.25999999046325684,
        0.30000001192092896,
        1.0,
        0.41999998688697815,
        0.4000000059604645,
        0.38999998569488525,
        0.36000001430511475,
        0.6000000238418579,
        0.6000000238418579,
        0.8999999761581421,
        0.20000000298023224,
        0.3199999928474426,
        0.30000001192092896,
        0.3100000023841858,
        0.23000000417232513,
        0.49000000953674316,
        0.6700000166893005,
        0.7799999713897705,
        0.44999998807907104,
        0.4099999964237213,
        0.36000001430511475,
        0.28999999165534973,
        0.33000001311302185,
        0.3400000035762787,
        0.4099999964237213,
        0.49000000953674316,
        0.5299999713897705,
        0.5099999904632568,
        0.3400000035762787,
        0.36000001430511475,
        0.3700000047683716,
        0.28999999165534973,
        0.27000001072883606,
        0.38999998569488525,
        0.4399999976158142,
        0.3799999952316284,
        0.5,
        0.3799999952316284,
        0.4000000059604645,
        0.38999998569488525,
        0.4000000059604645,
        0.38999998569488525,
        0.33000001311302185,
        0.5199999809265137,
        0.49000000953674316,
        0.4399999976158142,
        0.28999999165534973,
        0.5099999904632568,
        0.46000000834465027,
        0.3700000047683716,
        0.4399999976158142,
        0.550000011920929,
        0.5299999713897705
      ],
      [
        0.3400000035762787,
        0.4000000059604645,
        0.3799999952316284,
        0.44999998807907104,
        0.4399999976158142,
        0.3199999928474426,
        0.36000001430511475,
        0.27000001072883606,
        0.30000001192092896,
        0.41999998688697815,
        1.0,
        0.6200000047683716,
        0.4699999988079071,
        0.38999998569488525,
        0.47999998927116394,
        0.4000000059604645,
        0.41999998688697815,
        0.25999999046325684,
        0.5099999904632568,
        0.5799999833106995,
        0.5899999737739563,
        0.20999999344348907,
        0.25999999046325684,
        0.4099999964237213,
        0.46000000834465027,
        0.4399999976158142,
        0.4300000071525574,
        0.4099999964237213,
        0.27000001072883606,
        0.0,
        0.3100000023841858,
        0.0,
        0.33000001311302185,
        0.36000001430511475,
        0.41999998688697815,
        0.30000001192092896,
        0.33000001311302185,
        0.28999999165534973,
        0.2800000011920929,
        0.3100000023841858,
        0.33000001311302185,
        0.38999998569488525,
        0.27000001072883606,
        0.4399999976158142,
        0.25,
        0.3400000035762787,
        0.3499999940395355,
        0.36000001430511475,
        0.3700000047683716,
        0.23999999463558197,
        0.4399999976158142,
        0.4699999988079071,
        0.27000001072883606,
        0.3199999928474426,
        0.5099999904632568,
        0.4300000071525574,
        0.36000001430511475,
        0.27000001072883606,
        0.4399999976158142,
        0.33000001311302185
      ],
      [
        0.33000001311302185,
        0.38999998569488525,
        0.46000000834465027,
        0.44999998807907104,
        0.4099999964237213,
        0.4399999976158142,
        0.46000000834465027,
        0.23999999463558197,
        0.25,
        0.4000000059604645,
        0.6200000047683716,
        1.0,
        0.7799999713897705,
        0.6600000262260437,
        0.46000000834465027,
        0.4000000059604645,
        0.4099999964237213,
        0.2199999988079071,
        0.41999998688697815,
        0.5,
        0.6299999952316284,
        0.550000011920929,
        0.27000001072883606,
        0.4099999964237213,
        0.46000000834465027,
        0.4300000071525574,
        0.4399999976158142,
        0.4300000071525574,
        0.27000001072883606,
        0.4399999976158142,
        0.4399999976158142,
        0.20000000298023224,
        0.38999998569488525,
        0.38999998569488525,
        0.38999998569488525,
        0.3199999928474426,
        0.3700000047683716,
        0.46000000834465027,
        0.33000001311302185,
        0.25999999046325684,
        0.3400000035762787,
        0.38999998569488525,
        0.28999999165534973,
        0.3799999952316284,
        0.3700000047683716,
        0.3700000047683716,
        0.3700000047683716,
        0.3799999952316284,
        0.36000001430511475,
        0.30000001192092896,
        0.44999998807907104,
        0.4300000071525574,
        0.4099999964237213,
        0.3400000035762787,
        0.5299999713897705,
        0.5,
        0.38999998569488525,
        0.4099999964237213,
        0.49000000953674316,
        0.4300000071525574
      ],
      [
        0.3100000023841858,
        0.3499999940395355,
        0.49000000953674316,
        0.4099999964237213,
        0.38999998569488525,
        0.5799999833106995,
        0.5299999713897705,
        0.23000000417232513,
        0.23999999463558197,
        0.38999998569488525,
        0.4699999988079071,
        0.7799999713897705,
        1.0,
        0.8199999928474426,
        0.44999998807907104,
        0.4099999964237213,
        0.4000000059604645,
        0.2199999988079071,
        0.36000001430511475,
        0.3799999952316284,
        0.47999998927116394,
        0.550000011920929,
        0.23999999463558197,
        0.4300000071525574,
        0.44999998807907104,
        0.4399999976158142,
        0.41999998688697815,
        0.41999998688697815,
        0.25999999046325684,
        0.4300000071525574,
        0.5,
        0.0,
        0.3400000035762787,
        0.33000001311302185,
        0.36000001430511475,
        0.33000001311302185,
        0.3799999952316284,
        0.4699999988079071,
        0.3400000035762787,
        0.25999999046325684,
        0.3499999940395355,
        0.4099999964237213,
        0.20999999344348907,
        0.33000001311302185,
        0.4099999964237213,
        0.38999998569488525,
        0.38999998569488525,
        0.4000000059604645,
        0.3700000047683716,
        0.23000000417232513,
        0.38999998569488525,
        0.36000001430511475,
        0.46000000834465027,
        0.3400000035762787,
        0.5,
        0.46000000834465027,
        0.33000001311302185,
        0.44999998807907104,
        0.46000000834465027,
        0.46000000834465027
      ],
      [
        0.33000001311302185,
        0.3499999940395355,
        0.550000011920929,
        0.4099999964237213,
        0.3700000047683716,
        0.6100000143051147,
        0.6200000047683716,
        0.23999999463558197,
        0.25,
        0.36000001430511475,
        0.38999998569488525,
        0.6600000262260437,
        0.8199999928474426,
        1.0,
        0.4399999976158142,
        0.38999998569488525,
        0.3700000047683716,
        0.0,
        0.3700000047683716,
        0.3799999952316284,
        0.4399999976158142,
        0.41999998688697815,
        0.2199999988079071,
        0.4000000059604645,
        0.4300000071525574,
        0.4300000071525574,
        0.4300000071525574,
        0.4300000071525574,
        0.23999999463558197,
        0.4099999964237213,
        0.4699999988079071,
        0.0,
        0.3499999940395355,
        0.3400000035762787,
        0.33000001311302185,
        0.33000001311302185,
        0.3799999952316284,
        0.47999998927116394,
        0.33000001311302185,
        0.25,
        0.36000001430511475,
        0.4000000059604645,
        0.23000000417232513,
        0.3100000023841858,
        0.41999998688697815,
        0.38999998569488525,
        0.38999998569488525,
        0.4000000059604645,
        0.3700000047683716,
        0.25999999046325684,
        0.4000000059604645,
        0.36000001430511475,
        0.4399999976158142,
        0.36000001430511475,
        0.5199999809265137,
        0.47999998927116394,
        0.36000001430511475,
        0.44999998807907104,
        0.47999998927116394,
        0.4399999976158142
      ],
      [
        0.4699999988079071,
        0.5600000023841858,
        0.5199999809265137,
        0.6000000238418579,
        0.6299999952316284,
        0.3199999928474426,
        0.46000000834465027,
        0.36000001430511475,
        0.36000001430511475,
        0.6000000238418579,
        0.47999998927116394,
        0.46000000834465027,
        0.44999998807907104,
        0.4399999976158142,
        1.0,
        0.7900000214576721,
        0.6200000047683716,
        0.25999999046325684,
        0.38999998569488525,
        0.36000001430511475,
        0.3400000035762787,
        0.23999999463558197,
        0.3700000047683716,
        0.7900000214576721,
        0.7400000095367432,
        0.6499999761581421,
        0.550000011920929,
        0.49000000953674316,
        0.3100000023841858,
        0.36000001430511475,
        0.4300000071525574,
        0.25999999046325684,
        0.4699999988079071,
        0.41999998688697815,
        0.4399999976158142,
        0.46000000834465027,
        0.5,
        0.47999998927116394,
        0.3700000047683716,
        0.3400000035762787,
        0.46000000834465027,
        0.5199999809265137,
        0.25999999046325684,
        0.4699999988079071,
        0.44999998807907104,
        0.5,
        0.47999998927116394,
        0.47999998927116394,
        0.4399999976158142,
        0.23000000417232513,
        0.5099999904632568,
        0.5299999713897705,
        0.5199999809265137,
        0.3700000047683716,
        0.6299999952316284,
        0.5099999904632568,
        0.3799999952316284,
        0.550000011920929,
        0.6200000047683716,
        0.5899999737739563
      ],
      [
        0.41999998688697815,
        0.5199999809265137,
        0.5199999809265137,
        0.550000011920929,
        0.6000000238418579,
        0.3199999928474426,
        0.47999998927116394,
        0.4699999988079071,
        0.5299999713897705,
        0.6000000238418579,
        0.4000000059604645,
        0.4000000059604645,
        0.4099999964237213,
        0.38999998569488525,
        0.7900000214576721,
        1.0,
        0.6700000166893005,
        0.25999999046325684,
        0.3100000023841858,
        0.25999999046325684,
        0.28999999165534973,
        0.28999999165534973,
        0.4099999964237213,
        0.8600000143051147,
        0.800000011920929,
        0.6600000262260437,
        0.550000011920929,
        0.46000000834465027,
        0.3199999928474426,
        0.4000000059604645,
        0.4300000071525574,
        0.30000001192092896,
        0.4399999976158142,
        0.41999998688697815,
        0.44999998807907104,
        0.49000000953674316,
        0.5,
        0.49000000953674316,
        0.36000001430511475,
        0.3400000035762787,
        0.4399999976158142,
        0.49000000953674316,
        0.25999999046325684,
        0.4300000071525574,
        0.47999998927116394,
        0.5,
        0.47999998927116394,
        0.4699999988079071,
        0.41999998688697815,
        0.20000000298023224,
        0.41999998688697815,
        0.4099999964237213,
        0.49000000953674316,
        0.3499999940395355,
        0.5099999904632568,
        0.4300000071525574,
        0.30000001192092896,
        0.5199999809265137,
        0.5,
        0.550000011920929
      ],
      [
        0.38999998569488525,
        0.6200000047683716,
        0.44999998807907104,
        0.6600000262260437,
        0.8199999928474426,
        0.30000001192092896,
        0.4300000071525574,
        0.3199999928474426,
        0.3799999952316284,
        0.8999999761581421,
        0.41999998688697815,
        0.4099999964237213,
        0.4000000059604645,
        0.3700000047683716,
        0.6200000047683716,
        0.6700000166893005,
        1.0,
        0.23000000417232513,
        0.3199999928474426,
        0.28999999165534973,
        0.3100000023841858,
        0.25,
        0.5199999809265137,
        0.699999988079071,
        0.8600000143051147,
        0.47999998927116394,
        0.4300000071525574,
        0.3799999952316284,
        0.3100000023841858,
        0.3400000035762787,
        0.3499999940395355,
        0.41999998688697815,
        0.5199999809265137,
        0.5899999737739563,
        0.550000011920929,
        0.36000001430511475,
        0.3799999952316284,
        0.38999998569488525,
        0.3100000023841858,
        0.27000001072883606,
        0.38999998569488525,
        0.44999998807907104,
        0.4000000059604645,
        0.5299999713897705,
        0.4099999964237213,
        0.4300000071525574,
        0.41999998688697815,
        0.41999998688697815,
        0.4099999964237213,
        0.3400000035762787,
        0.5299999713897705,
        0.49000000953674316,
        0.44999998807907104,
        0.3199999928474426,
        0.5099999904632568,
        0.46000000834465027,
        0.3700000047683716,
        0.44999998807907104,
        0.5400000214576721,
        0.5400000214576721
      ],
      [
        0.0,
        0.0,
        0.25999999046325684,
        0.2199999988079071,
        0.20999999344348907,
        0.27000001072883606,
        0.23999999463558197,
        0.23000000417232513,
        0.23999999463558197,
        0.20000000298023224,
        0.25999999046325684,
        0.2199999988079071,
        0.2199999988079071,
        0.0,
        0.25999999046325684,
        0.25999999046325684,
        0.23000000417232513,
        1.0,
        0.4300000071525574,
        0.23000000417232513,
        0.0,
        0.0,
        0.0,
        0.25999999046325684,
        0.27000001072883606,
        0.3499999940395355,
        0.3400000035762787,
        0.23000000417232513,
        0.0,
        0.0,
        0.2199999988079071,
        0.0,
        0.0,
        0.0,
        0.28999999165534973,
        0.2199999988079071,
        0.2199999988079071,
        0.0,
        0.20000000298023224,
        0.20999999344348907,
        0.0,
        0.25,
        0.0,
        0.27000001072883606,
        0.2199999988079071,
        0.25999999046325684,
        0.25,
        0.23999999463558197,
        0.20999999344348907,
        0.0,
        0.0,
        0.2199999988079071,
        0.20999999344348907,
        0.0,
        0.23999999463558197,
        0.0,
        0.0,
        0.0,
        0.0,
        0.20999999344348907
      ],
      [
        0.36000001430511475,
        0.3499999940395355,
        0.33000001311302185,
        0.41999998688697815,
        0.33000001311302185,
        0.28999999165534973,
        0.3199999928474426,
        0.25999999046325684,
        0.2800000011920929,
        0.3199999928474426,
        0.5099999904632568,
        0.41999998688697815,
        0.36000001430511475,
        0.3700000047683716,
        0.38999998569488525,
        0.3100000023841858,
        0.3199999928474426,
        0.4300000071525574,
        1.0,
        0.7400000095367432,
        0.4699999988079071,
        0.0,
        0.23000000417232513,
        0.30000001192092896,
        0.3799999952316284,
        0.46000000834465027,
        0.5299999713897705,
        0.5199999809265137,
        0.3100000023841858,
        0.0,
        0.23000000417232513,
        0.0,
        0.3499999940395355,
        0.38999998569488525,
        0.38999998569488525,
        0.23999999463558197,
        0.30000001192092896,
        0.25999999046325684,
        0.23000000417232513,
        0.2199999988079071,
        0.23999999463558197,
        0.25999999046325684,
        0.3199999928474426,
        0.4300000071525574,
        0.0,
        0.28999999165534973,
        0.3100000023841858,
        0.3100000023841858,
        0.30000001192092896,
        0.3100000023841858,
        0.4699999988079071,
        0.4699999988079071,
        0.20999999344348907,
        0.30000001192092896,
        0.49000000953674316,
        0.4399999976158142,
        0.3700000047683716,
        0.0,
        0.4099999964237213,
        0.23000000417232513
      ],
      [
        0.3499999940395355,
        0.3499999940395355,
        0.30000001192092896,
        0.4099999964237213,
        0.3100000023841858,
        0.27000001072883606,
        0.2800000011920929,
        0.23000000417232513,
        0.23000000417232513,
        0.30000001192092896,
        0.5799999833106995,
        0.5,
        0.3799999952316284,
        0.3799999952316284,
        0.36000001430511475,
        0.25999999046325684,
        0.28999999165534973,
        0.23000000417232513,
        0.7400000095367432,
        1.0,
        0.6700000166893005,
        0.0,
        0.0,
        0.23999999463558197,
        0.3400000035762787,
        0.38999998569488525,
        0.47999998927116394,
        0.5199999809265137,
        0.3700000047683716,
        0.0,
        0.2199999988079071,
        0.0,
        0.28999999165534973,
        0.3700000047683716,
        0.3700000047683716,
        0.0,
        0.25,
        0.23000000417232513,
        0.23999999463558197,
        0.20999999344348907,
        0.23000000417232513,
        0.23999999463558197,
        0.3100000023841858,
        0.41999998688697815,
        0.0,
        0.25,
        0.2800000011920929,
        0.2800000011920929,
        0.28999999165534973,
        0.3199999928474426,
        0.4699999988079071,
        0.4699999988079071,
        0.0,
        0.28999999165534973,
        0.5,
        0.46000000834465027,
        0.4000000059604645,
        0.0,
        0.41999998688697815,
        0.0
      ],
      [
        0.30000001192092896,
        0.33000001311302185,
        0.3400000035762787,
        0.3700000047683716,
        0.3199999928474426,
        0.30000001192092896,
        0.3400000035762787,
        0.20000000298023224,
        0.20999999344348907,
        0.3100000023841858,
        0.5899999737739563,
        0.6299999952316284,
        0.47999998927116394,
        0.4399999976158142,
        0.3400000035762787,
        0.28999999165534973,
        0.3100000023841858,
        0.0,
        0.4699999988079071,
        0.6700000166893005,
        1.0,
        0.44999998807907104,
        0.20999999344348907,
        0.2800000011920929,
        0.3499999940395355,
        0.3499999940395355,
        0.4000000059604645,
        0.41999998688697815,
        0.3199999928474426,
        0.38999998569488525,
        0.3499999940395355,
        0.0,
        0.33000001311302185,
        0.36000001430511475,
        0.3100000023841858,
        0.23000000417232513,
        0.27000001072883606,
        0.3400000035762787,
        0.23999999463558197,
        0.20000000298023224,
        0.25,
        0.27000001072883606,
        0.28999999165534973,
        0.3199999928474426,
        0.25,
        0.27000001072883606,
        0.27000001072883606,
        0.28999999165534973,
        0.28999999165534973,
        0.3100000023841858,
        0.41999998688697815,
        0.3700000047683716,
        0.30000001192092896,
        0.28999999165534973,
        0.4399999976158142,
        0.4099999964237213,
        0.3499999940395355,
        0.28999999165534973,
        0.4000000059604645,
        0.30000001192092896
      ],
      [
        0.0,
        0.0,
        0.33000001311302185,
        0.20999999344348907,
        0.23000000417232513,
        0.3100000023841858,
        0.3400000035762787,
        0.0,
        0.0,
        0.23000000417232513,
        0.20999999344348907,
        0.550000011920929,
        0.550000011920929,
        0.41999998688697815,
        0.23999999463558197,
        0.28999999165534973,
        0.25,
        0.0,
        0.0,
        0.0,
        0.44999998807907104,
        1.0,
        0.0,
        0.30000001192092896,
        0.2800000011920929,
        0.23000000417232513,
        0.0,
        0.20999999344348907,
        0.0,
        0.5400000214576721,
        0.5699999928474426,
        0.0,
        0.23000000417232513,
        0.0,
        0.0,
        0.23999999463558197,
        0.25,
        0.41999998688697815,
        0.25,
        0.20000000298023224,
        0.25999999046325684,
        0.28999999165534973,
        0.0,
        0.0,
        0.4000000059604645,
        0.25999999046325684,
        0.23000000417232513,
        0.25,
        0.20999999344348907,
        0.0,
        0.0,
        0.0,
        0.4000000059604645,
        0.0,
        0.23000000417232513,
        0.23000000417232513,
        0.0,
        0.38999998569488525,
        0.23999999463558197,
        0.3700000047683716
      ],
      [
        0.20999999344348907,
        0.41999998688697815,
        0.25999999046325684,
        0.4000000059604645,
        0.49000000953674316,
        0.23999999463558197,
        0.28999999165534973,
        0.25,
        0.25,
        0.49000000953674316,
        0.25999999046325684,
        0.27000001072883606,
        0.23999999463558197,
        0.2199999988079071,
        0.3700000047683716,
        0.4099999964237213,
        0.5199999809265137,
        0.0,
        0.23000000417232513,
        0.0,
        0.20999999344348907,
        0.0,
        1.0,
        0.4399999976158142,
        0.5099999904632568,
        0.30000001192092896,
        0.2800000011920929,
        0.20999999344348907,
        0.2199999988079071,
        0.23000000417232513,
        0.0,
        0.7799999713897705,
        0.6700000166893005,
        0.5799999833106995,
        0.41999998688697815,
        0.2199999988079071,
        0.20999999344348907,
        0.23000000417232513,
        0.0,
        0.0,
        0.20999999344348907,
        0.23000000417232513,
        0.550000011920929,
        0.38999998569488525,
        0.27000001072883606,
        0.25,
        0.23999999463558197,
        0.25,
        0.23999999463558197,
        0.4099999964237213,
        0.4300000071525574,
        0.3799999952316284,
        0.23999999463558197,
        0.2199999988079071,
        0.30000001192092896,
        0.28999999165534973,
        0.28999999165534973,
        0.20999999344348907,
        0.33000001311302185,
        0.28999999165534973
      ],
      [
        0.4000000059604645,
        0.5299999713897705,
        0.5,
        0.550000011920929,
        0.6600000262260437,
        0.3100000023841858,
        0.44999998807907104,
        0.28999999165534973,
        0.33000001311302185,
        0.6700000166893005,
        0.4099999964237213,
        0.4099999964237213,
        0.4300000071525574,
        0.4000000059604645,
        0.7900000214576721,
        0.8600000143051147,
        0.699999988079071,
        0.25999999046325684,
        0.30000001192092896,
        0.23999999463558197,
        0.2800000011920929,
        0.30000001192092896,
        0.4399999976158142,
        1.0,
        0.8500000238418579,
        0.6700000166893005,
        0.5400000214576721,
        0.46000000834465027,
        0.3100000023841858,
        0.38999998569488525,
        0.44999998807907104,
        0.2800000011920929,
        0.4399999976158142,
        0.3799999952316284,
        0.4399999976158142,
        0.5,
        0.5,
        0.49000000953674316,
        0.36000001430511475,
        0.3199999928474426,
        0.44999998807907104,
        0.5199999809265137,
        0.20999999344348907,
        0.41999998688697815,
        0.5,
        0.5,
